the 0.1 0.2 -0.1 0.3 0.0
launch 0.8 0.6 0.1 -0.2 0.4
ship 0.7 0.5 0.2 -0.1 0.3
fast 0.6 0.7 0.0 -0.3 0.2
announcing 0.5 0.6 0.3 0.1 0.5
acquisition 0.3 0.4 -0.3 0.2 -0.1
merger 0.32 0.41 -0.28 0.19 -0.08
quiet 0.1 -0.6 0.4 0.5 0.2
calm 0.05 -0.65 0.45 0.55 0.25
gentle 0.0 -0.5 0.5 0.6 0.3
architecture -0.2 -0.1 -0.4 0.0 -0.3
schema -0.18 -0.12 -0.38 0.02 -0.28
infrastructure -0.25 -0.15 -0.42 -0.05 -0.32
security -0.22 -0.1 -0.35 0.05 -0.2
governance -0.2 -0.08 -0.3 0.1 -0.15
enterprise -0.1 0.0 -0.2 0.0 -0.4
regulatory -0.3 -0.2 -0.45 -0.1 -0.3
orchestration -0.15 0.1 -0.25 0.0 -0.2
welcome 0.4 0.3 0.6 0.4 0.5
community 0.35 0.25 0.55 0.45 0.4
delight 0.5 0.4 0.6 0.5 0.6
fun 0.45 0.5 0.65 0.5 0.55
simple 0.3 0.1 0.4 0.3 0.3
problem -0.3 -0.2 -0.5 -0.1 -0.2
error -0.4 0.1 -0.5 -0.2 -0.1
bug -0.35 0.15 -0.45 -0.15 -0.05
release 0.4 0.4 0.2 0.0 0.3
milestone 0.35 0.35 0.3 0.1 0.35
update 0.2 0.2 0.1 0.0 0.2
technical -0.2 -0.05 -0.3 -0.1 -0.35
data -0.15 0.0 -0.25 -0.05 -0.3
metrics -0.18 0.05 -0.28 -0.08 -0.25
benchmark -0.2 0.08 -0.3 -0.1 -0.2
journey 0.3 0.2 0.5 0.4 0.35
story 0.32 0.18 0.52 0.42 0.3
honest 0.25 0.1 0.4 0.35 0.2
team 0.1 0.15 0.3 0.2 0.25
feature 0.15 0.2 0.2 0.1 0.2
refactor -0.22 -0.05 -0.32 0.0 -0.25
deploy 0.3 0.3 0.15 -0.05 0.25
production -0.1 0.05 -0.15 0.0 -0.1
deprecate -0.4 -0.1 -0.4 -0.2 -0.15
